filename, wordtypes, swordtypes, lextypes, slextypes, wordtokens, swordtokens, lextokens, slextokens, ld, ls1, ls2, vs1, vs2, cvs1, ndw, ndwz, ndwerz, ndwesz, ttr, msttr, cttr, rttr, logttr, uber, lv, vv1, svv1, cvv1, vv2, nv, adjv, advv, modv

1855.txt, 5616, 4526, 5427, 4457, 30277, 9140, 14807, 8451, 0.48905, 0.57074, 0.80591, 0.26764, 314.74192, 12.54476, 5616, 36, 40.00000, 35.80000, 0.18549, 0.71712, 22.82210, 32.27533, 0.83672, 27.44398, 0.36652, 0.34115, 511.37938, 15.99030, 0.10124, 0.43949, 0.07233, 0.00885, 0.08118

1856.txt, 8839, 7592, 8603, 7464, 54511, 17411, 27782, 16219, 0.50966, 0.58380, 0.85892, 0.22991, 406.47906, 14.25621, 8839, 36, 41.10000, 35.50000, 0.16215, 0.72284, 26.76986, 37.85830, 0.83319, 28.39491, 0.30966, 0.28231, 612.90520, 17.50579, 0.07814, 0.36300, 0.07343, 0.00608, 0.07951

1860-61.txt, 11658, 10270, 11278, 10022, 82963, 26170, 42075, 24167, 0.50715, 0.57438, 0.88094, 0.22268, 578.96540, 17.01419, 11658, 35, 40.50000, 37.10000, 0.14052, 0.73707, 28.61982, 40.47453, 0.82674, 28.38971, 0.26805, 0.26319, 808.78118, 20.10947, 0.07304, 0.31473, 0.06339, 0.00520, 0.06859

1867.txt, 12508, 11107, 12104, 10802, 95700, 31082, 48846, 27902, 0.51041, 0.57122, 0.88799, 0.21550, 608.34573, 17.44055, 12508, 39, 43.60000, 37.60000, 0.13070, 0.74109, 28.59018, 40.43262, 0.82258, 28.07379, 0.24780, 0.25649, 861.80153, 20.75815, 0.06879, 0.29202, 0.06344, 0.00502, 0.06846

1871-72.txt, 11630, 10242, 11259, 9976, 83557, 27320, 42755, 24546, 0.51169, 0.57411, 0.88065, 0.22508, 575.74694, 16.96683, 11630, 38, 42.00000, 33.70000, 0.13919, 0.74183, 28.44941, 40.23354, 0.82600, 28.28798, 0.26334, 0.26986, 827.67171, 20.34296, 0.07173, 0.30951, 0.06668, 0.00512, 0.07180

1881-82.txt, 12162, 10741, 11900, 10551, 114257, 37121, 58967, 33499, 0.51609, 0.56810, 0.88316, 0.19683, 576.90961, 16.98396, 12162, 37, 41.50000, 35.20000, 0.10644, 0.74215, 25.44184, 35.98020, 0.80765, 26.29537, 0.20181, 0.23612, 830.18306, 20.37380, 0.05963, 0.23976, 0.05176, 0.00466, 0.05642

1891-92.txt, 13081, 11634, 12789, 11418, 123269, 40577, 64028, 36628, 0.51942, 0.57206, 0.88938, 0.19706, 616.21685, 17.55302, 13081, 47, 40.50000, 35.90000, 0.10612, 0.74986, 26.34505, 37.25753, 0.80863, 26.60280, 0.19974, 0.23475, 874.44070, 20.90981, 0.05818, 0.23628, 0.05216, 0.00453, 0.05669

